        0.00000        0.00000     1145.91516
        2.00000       35.38889      828.24194
        4.00000       63.90000      813.59973
        6.00000       92.22500      807.87048
        8.00000      120.30000      802.14056
       10.00000      147.98334      788.77106
       12.00000      175.25000      773.49268
       14.00000      201.87500      753.43927
       16.00000      227.92500      736.25037
       18.00000      253.14999      710.46747
       20.00000      276.72501      627.38831
       22.00000      297.45001      572.95752
       24.00000      317.10001      555.76868
       26.00000      336.14999      532.85071
       28.00000      354.47501      518.52673
       30.00000      372.45001      509.93188
       32.00000      390.07501      501.33786
       34.00000      407.47498      495.60883
       36.00000      424.57501      484.14896
       38.00000      441.39999      481.28400
       40.00000      458.07501      472.69000
       42.00000      474.50000      469.82590
       44.00000      490.79999      464.09509
       46.00000      506.79999      452.63699
       48.00000      522.54999      446.90619
       50.00000      537.97498      438.31219
       52.00000      553.17505      432.58398
       54.00000      568.02502      421.12415
       56.00000      582.59998      412.52838
       58.00000      596.79999      401.07028
       60.00000      610.67499      392.47626
       62.00000      624.25000      383.88226
       64.00000      637.47498      375.28650
       66.00000      650.40002      366.69250
       68.00000      663.07495      358.09845
       70.00000      675.40002      349.50446
       72.00000      687.47498      340.91046
       74.00000      699.20001      332.31470
       76.00000      710.67499      323.72067
       78.00000      721.79999      315.12665
       80.00000      732.67499      306.53265
       82.00000      743.20001      297.93863
       84.00000      753.47498      289.34286
       86.00000      763.47498      283.61469
       88.00000      773.20001      275.01892
       90.00000      782.67499      266.42493
       92.00000      791.90002      263.56082
       94.00000      801.09998      263.56082
       96.00000      810.27502      260.69501
       98.00000      819.29999      257.83090
