0.        5.57      3.36      2.65
15.       5.57      3.36      2.65
15.0      6.50      3.74      2.87
33.0      6.50      3.74      2.87
33.       7.75      4.35      3.32
100.      7.95      4.45      3.38
200.      8.26      4.60      3.47
300.      8.58      4.76      3.55
413.      8.97      4.96      3.64
600.      10.25     5.66      4.11
800.      11.00     6.13      4.46
1000.     11.42     6.36      4.65
1200.     11.71     6.50      4.79
1400.     11.99     6.62      4.88
1600.     12.26     6.73      5.00
1800.     12.53     6.83      5.10
2000.     12.79     6.93      5.21
2200.     13.03     7.02      5.31
2400.     13.27     7.12      5.41
2600.     13.50     7.21      5.51
2800.     13.64     7.30      5.59
2898.     13.64     7.30      5.66
2898.     8.10      0.00      9.7
3000.     8.22      0.00      9.9
3200.     8.47      0.0       10.03
3400.     8.76      0.0       10.40
3600.     9.04      0.0       10.61
4000.     9.51      0.0       11.1
4200.     9.70      0.0       11.23
4400.     9.88      0.0       11.4
4600.     10.06     0.0       11.6
4800.     10.25     0.0       11.8
4982.     10.44     0.0       11.9
5121.     9.47      0.0       12.0
5121.     11.16     0.0       12.0
5700.     11.26     0.0       12.15
6371.     11.31     0.0       12.3